$ANSIBLE_VAULT;1.1;AES256
65316432353236663638363932306533313862666132326337623535636364383962653663636232
3063666261663039663537313230663733353234396266620a363362656637653039376665666534
64393266323865616439613932626164353333623734613532623238323262653939633236353233
6163313832376661380a613538316363666232356464363732313534656638393061366536396261
35353539333537306164653162336434326630333431363638613238643665666332643165656164
65383665326638306164316165373836626366336466316430303532363236353565373532383037
65333066386237336564303861656164336566353937613365636166396634323561633335383166
63323438353039383830653766323438376130323233623464393661356331626436343332383262
66636430373138383563636561393966343865646332346334393636346439643934633731623666
34353735623738353863356466376162356234313439383534376634303463386235613938303562
34316664613539343536316434616532366138626435393832343038326533343136373338393936
33303234313638633366306332646537353139633731323730386436333337646130373531633030
34643430373930323063613339353231666539623134303361333164323032303065316531653838
66346334616164663237636235356231613135646538306661666561646364353366333735633464
31333031353365356439626133393161623033613563616139316535623236643933663231616631
37306235356434363139336235623236366266636234623334623430666664383833396166633431
31663237366134626431626332306264366261656463336165663465326335613163343666326164
33616430326436616663653265363831393636303534613733373931303262316234306330643835
32643438623561323433363664323965333939303732373334653965323963386564656632643139
65333238643035333137366130383464343965643838383532396561343332353338353763316536
39316164613635643037353130393834336265636536363837343535363961656636303338353861
30326663383366373138616437653162323035396530653563333365323965643066636333313330
31396236623662326664613833396661343934383036376331343939383362663663633734363463
30393666353036326664636638653637363835663731626338336438613533383730306439646262
66353263343934626462313232616636633532353630383264633037636364353937383066363439
63656366653736616238643237306164646532626433643236313138346339353438303832626565
38343065383137343637653561616132666333643130393231633036376332306438633335643635
35303239386132306135646261646639636630303132623462633931313337626436373339656362
30333666383937623938313265373733633362376135643038353733333963386563623565386332
32376666313638666537643232626538613036666631363365613139623930633438666166623630
32303965306535356134373865343338343637643562633435306363653161356164383237346535
62623962346231373032643338636333326664626233386164363035383234653761373030316433
37313164626332353732333666333338643535323434623838326664343935633332366464666366
62373930343964303861633336663863613937316662393531376130306330663735666430346530
62323832666163613039323538636633636539363232623164386536623732393166386162356436
31353237343666336438636265386336373562396166623138346636363032333936393266343532
37616638303234373462323063333964626464333463393339323637346232646665663366613466
34326337343535336463343730623032393139663736343535323039643136376566613331346235
34373761633465656433336634613136386462306233656131633735623135653530663264373965
35646362636365343233616462353166363535663333383836366239323763666464313830363964
65386237313565353362343632326337653231306639643136373365623437613932643438653234
36366131656533363233643462326538306333363436376339363538643165396631666632633038
64643431653162303936343262633435383731383664356638613562656631346330626434623535
30633833653961633263383935336632626235373133326266383161323139396363306362383338
38393238623230376266323264336438396334313139313237373730383732373565363332386230
37313964633764656262623932313236383266303730373461393964373433373465323563336635
37353633363365613466626161626236643762373363346637323534646230616665306631336437
31323934326130343330633438643165623934373266323333343434613330343737383666343731
34313963616366306432313762306664633331653936656537653330383963326534366137306236
38363338373335363864626632643036623338656439363836656664346238303038333030306436
38343138393636666466613835616231313530316665356236633562386635366331373066613162
64353638383264633464336465663633613161613437623636336266653361366133303136383166
37386438663364663931373439633236653430303137353063363738626531313662333437303735
62643533646262633536333664323630363365323939323136613866333061643637306564343764
62356464356136643037666663346533353331626465356238366262633066333330393363343136
61623765616361363135343265643939656335643564663739346563616461336431326133303461
36383161663836393737613739373561633633626665666332653264386436333763663135616561
34333532643864636633316338663831653862343138646630383231343538666235373136633764
39653036326336663861353732383865303731373836343931363861323134323966393632306665
39383461646531393031643063373531613766636130343039306335343736646462373762303735
31373761306630386537356233353634303833383036656231326233363235396464353435626239
39636437313936333966643732653637376333363739393966613066643636376535643436613330
61386530323639353932323035663935303162353131636664373236343837346634653737653831
66326366653133646665303738383966626431366164306136353134333738356562356539323635
35366564363930623966623835623463353532613865383164636331646632666564353266616165
30373863343933313463343562343239653266663166326161326266366630303632333036343035
31633063366132666435633065633765326462393630353461393836303035626638643563303638
61313162303963313862303037303665393064653732633938343330343632346563653230623230
31353636356533633264376430313438383931646336333637653038666563633664626536666534
35643435333934313166303038383664353763663232383531313365346431326634356566336437
65376266346632326630633630633564313435356130663438323635643061623361363238393736
33653964653335656465643137333966306232333930316564363131613336663965623830356632
38666661656139376331353433363238666231363634393863653936356331323437663836356236
66313530613162383061313337333766366533376334363866343066666533653134646333663261
39393536353130636637393662356663353865336162656564623638356636646166663134323963
34303334666266326366373361353930333861633436396161643237646534633630343363346436
39336462333861643734323235323031343934663739663837626435646366343433333662373965
35383264356131313431623732633039366662316166346635336632613135353234626161663039
33363236626663313262646463356631333233656462353930333562383030316334373261616463
63643339666465383033363837313333613937633739613135613231326533323632643238396537
32393135626639383937383261353237326466303530643064306566643934343730346137626639
64313330626534633638333535353232323832666634616233306561386364343439313565623639
61663262623432366562326134633765613234316261616338313037306165333264396166313431
38393932623038653063323166386637356436323735356162366135313430333831313334306263
38313136376262386430663561363863313066323361616264363238663735333065326637346135
63393265336462323533626635306463366362396539356332633361306164333933613961386361
63323961313130366331323433333439633936363236666233373464353366346463393637633233
33633239633937396362336266383566623932656166316434636466363332376537616530616366
64663236313836643932616637396431393465323339663632376165343438633136336632353733
39396463646536343561336638646331656531336438313438356561633337353337633162333564
64346565313633613236643865303630636536366538393639396230393231373033326666623237
35363462643831346436366438653730313836626533336433343634366664623461336330373632
31353332373862653263636263373934363836613633653835643864366561353535353761363365
39633061666432636132636333666664653538363864643564333435626437663664343332613836
38663233323936643838616336353361383062386536663361313566643538376335333566303737
63303461303965383933386263396563356130653966643537646134623036356336643330633034
30303537336134643436356136626262656539653431383833323235643231363265373061313265
38376361373330636537643264366363623932336234643831333766373237366263666630396231
63313839336537353135663237666230326331343036313834376433363933333333613632633431
62313834336464636435313230313539303532373638393936306232303830646365383762373731
64656565643636366433363264643534643261653236346137336639323437326662653138376438
37373365376165653937316166313235623034643130376263336663656238613432363730363235
61386433363738303866663434353464386564396464343866396662333736353661643335623830
38636163646662316632323139333034643562623161376135646235386434353234623065626161
37343762343136633665623531333061373266353634623265633637373537386130626161633036
65396338343638326533343433366339626631653039313332333631376231376462376163336532
37663963313034616332323866633330613739363639636266646437326233623061633963633962
32373762643333346333643165333038663433363866633463636630653337393864343162316437
39643837626530326332303563346666653963616437303230653435323363306136613535653266
36306163633037633237643530653235363737366565393539376431326336313335333533386633
30613365353536383364653637653130356537623731343861333734396266313463653864383338
65333639313031323239363538323461383034633962646434356565333038383862653066323466
63393062386566333332643238303336623162323839613430636466623239633333343131393835
34363233383731613531633233396130366639386237333032613961316431313434383562353137
37306639386264343534643661626233363966613139666463393066636632613265396166313734
38646637373462393532646338363634363537376631623363666265366561303137343962373730
65373231313735336464323733633833373063616234643438383466636561623137333838396164
30366139366566363437626366356439323332373237663962646338653564633136316237306535
62303039353837363865363061346538343532333265316535313736343233613730386661323464
62626238306661343533656233336664316561373934386237666364356531383733353131616438
65623139653666376266313834353231393135343964383034313332353231356532373364316535
32613632643365393438336237643662366534346539313231333830636164616465633938386563
64363630653835383363663633353339623234623163323937636538333333303233656635633032
62346334333561306262363531313232656537346264383534636239633330366137353362323233
36303438383836303739613530666239666138653762326530343763306236396431666366333162
38303064643834656166353130643235343630386165366434653433663036613137626131336234
63343234366166666365666231336261373034356639663834393235656530313833306236353736
35303539616630373566333034383631343135313034393131656466313964333032643465623063
37383936326434313361633039616165323166616235393864663166346630666436396561376662
33613630643961363263346433316662626465653334313330656130643638666530636534386561
33643239333039636636396462343131326235666139396632363863353530363261323032396439
66643036663466353330356438613638636465316439303330633266343534666566663132303837
63336637333430643061643636356337306264356536336238373831666266303364626463313534
37653437376136393530303336663435303035666465303663376164303837643836636235653237
62303435343236336566303865636237383163643539636139303163663234336565363661646433
64396463373537616561623633623731623234333937633463333039323335643164396136313464
33396139666663633561396534633635643062326630356333656433333932663733616265636666
34663734303830636364306637343666646263633635306133663731306232643562646463396466
63306430393766333537333631343966333531343339643930316166623665613661336430626532
64383963643564633439636265616439653762316631643534396663363739633531383430653336
34363831353466336263396264626432356363303430306437623466653432633837336363363561
65653433636233653538313966386432323337333164313763323638386630333261366561623636
35356236656335653134303761643133383832313936623131323435396431376339636362656262
61363337363133613330326264623534623933366562396238333263313139356137313061303161
38623362323962656265623535366431343265363130626131313136326464303761333432376437
64393563346331363837633237356439633932393162313163636237303063656636666564396237
66323132343031663734623232323734356332643231376637646238646665376133666430383665
39383664663538313866363261376538626534643961383166343733366465336338646364653362
33366162326637613131323466366331356561373935316132643131343330333939393864623663
64653363653765303863333565636531633234353362366131663836653132396539346133633765
66653032646139383966393635353666376330633662376431623835623738643764663035653138
34316366386163626465643762656664643161313563306662353537376437386632613036613063
31616631326162616538623366373164643464343030323239616333636532643434343033393534
33343262663832373630326135346462306130386665366437626439633733396664313662323031
64626239383630306566313364333936373439306232666564663666663430363330653937313437
36383232353238393362643130666136653162643732626238363166366561343965393037633733
37313234626436613162353036363834613065323630376665376639356361613738396137383832
35663463666631343638666338326466333539396261393463316636636435623034343937336430
32613561316664323837623234396338623733333530383764613264386439396135646266356266
61396338363130303334313661386532626537633333376130306462323265323163333562653339
31323038623232346339666537613164383038323166626536613431303932323836303035653863
30663232616231363565343136303833346361373762663537376361623561636535393661653637
61383431326335323936663466633833363635333936656539393061316435373961363931363731
33663735313338323861633537656439316438653534353032636536326439653762373739376633
31643362313664373566363130633038303866613333393036666535636533366662656133653564
61656261323163313334636433316534393065356134643932626332636635356530316664623531
66633535616464343762643564383530396132373533393839353837646261393937356139663935
31336131313237383939373363363963633065346661323663626130373339366565366438333262
38386633383530393766386162623835656137353230316438333366373937343531666364326362
35336131653532303262313933336564613862653932373062333365323933616231613262363766
35353565613430306638383539646463376163323738363461323738666265353466313164373638
33376664343266383631303365326437623763653161663263383564393739353833653263623462
38346462666661626161363837306638316434306636633532393837316661623161376339336438
61396661663664633538333530623738616139346639616639393535303864343137356137346166
63653238303133363431313439323063326466646637366463303361336462333164316233393435
38613134373638326234613866643162653333663735383764623432613263356633623965333964
33663563636365623638643539613065303662356662633232303064633430303438636539393662
38386338313937323864613265396361303532336235346532313961343739643561623433336633
66333465656461623039393735663539386561346433313832323833646533626138663362656532
62613064656264363763376437383861613265393061313834366331356136393238313137353937
30376266363637323765643863343630656438303465343237353965323362336531303633306338
35303662303339333739343335393262343565326132386566623366363834376133636138623338
61393330386166653964363132303131366133646364636434373330643537383166303466306164
37636339313264363832623562613137353438303065326539336530363661313730336239626466
31386630303361376164636239633838616539353563653139663339653531346630376433386461
32366665386239663830633366323632363433376639376161323338393861303630636431326561
35663666643262343131663365383161613562666433656638646439336535353934313436363064
32313534356439333039346634373934623861373166323939333333383465316337623431633035
32303635633534303737373538376635323737613963623062643965343561303736633834366336
66623364373139656632633736636438383766373437636139653664356634386535666562663566
36306635343765383839326231383961666631653932363862633163646463386166633439346236
32646537373561666565643864303737363033396330363437366530386161613630653336323164
33666362346432633936653939636333643066656433343732336463666639366130636461623532
62613965326537353537383566373762626162643032613635373934323362373338336662366134
30623138393037363133353536343764383661393635643436363934333635646139303236386466
66386161353130316234363165656335626161383438346539363030363765653930383137616632
39333831323261376639303036656138313061393538343734333234373738323032643965646563
61346665636166383663376437653164336337383936313838376233656539323136663333313862
66653237363431313339383436653462393934633937303565616361363965646265356338636631
38366139643333353537326239353231386232346234623339663933356563303539396538643865
63663861363064353364636233656536646263323662353935623631343364343561626135326630
30323765313366373763343237356435356437303435643365646437303161306166653362353766
64353864343338396466316266653635363439306164616636376232366331623765653934323833
31633436613330396364323839353866383034323863633037356164323566366632376133386631
61343836626230303236333864663939316339396637383234326232613339383039653838346262
34383339336130313134663839356561336636326263613465616238626461393131616231386135
62653061323030343637376263613238623431396138653637306461666239666437313434323961
30613365316532643966646135366439616636356566653531333865626138306466613030373030
33303234346235346462366139633339623564326564626462333932393466626238386236336232
37653731346434306636343735306361643766333539643832633734363665313038336533626666
65356537613337633361663434383031643966626132643039396333336163613530363636656434
63633563303630643037356637393661383763646334653534353934666163343434303631333463
39313435356662666337666163363735666435333265373665316334373933323537393732353363
39373631386564386339326362363165303034366364376662353130653934396232326163353631
66633061373866376239376533663735366462313936613133363734393739353761306232316261
66343265616266336264386663613562336434356436366637613631633634316663633631323435
62656561386462626139306366333034313164356635613563626436373636383130633635363035
32646238636163613864353466306431623661393030303938363332623634633066383362383966
62373239303037356339636331633362356535313430316661323163336336613463383261376331
61306533373736643837316662626438636539653165643733646339336637326165613565306661
31393965303039323863363335613537313464323030666436303061646161343030666466373137
61336238346335646634336537646463323337613031656666323339643464656364383461643461
64333235346461306565396264313235326533396162366464633533386235643963626263363565
33323539336430636434636464383665303263363238643238333435666363356633376337383036
61393336336633363030326537633934326638613339663562646234343662663561353939316361
61623738353032383338663362643466666165366466666161326565393261393337646639393163
61356530383363366138376263373666343035616232626266353039633366633636636430383262
32646265643832313966616239633930306138396434383735313166646439633565346566306261
37356433636332323363653432343437343936366139613035343661343134346530383133343133
32393730366263366237623033323435316662386162323663663831333235303434656639623239
32313962326630323931353966343265373062656663373237613933393830373136326536343939
35616431366231353464656530383031313561613065643635373764313335623437306230363862
64366332333461656166373064383435383865336662323334393264376534386264636464613033
65353165336333343964386566363437323838333561366231626538653434356231303364323164
64346534323365356438343736356437313637323336346536366535386336623266336238663230
35316563616232333933623662396230356462346366303533616633376633366563396534326632
38616661366663626564616432356135323738663961636637636162323636356638306631396333
34653634636662343035373264643761356237393266663763623436306565333261333537306533
62643165366634333437643237353830633963366331386333653461396138656133366533373361
66663533303439333761613538343063396532343836303137313837316439303232653736613339
38386662346133343965343962376634376333313235313139626262313934373731663165616237
35323463633431303135386566633339386134636236313937656436386263373466323433656637
36343833313164643962656439386463666432636630333433643037333137346132373536653935
66623463623233306239323062363466656137616638656533393435383932633835636134376462
39313238333665633165393965316235353735376431346263333036343837313132323964646437
61643162333637656134623561323633663333663531643862643139353964613034313538646636
64616466636438323562646636623638356163343561373437303062656362666630333039653636
34643831663564326634393531326561373031326639363664303837326162643632633939666639
30626437366163333231663761646235383666373736636535336137646232626439373238303365
64633866323239663330633336363833383436636264373737396233386433356238633765386566
64303761656533313036666233306261633661393837303132633031323631346235666638326533
64393236373561346632336233336563393637356462663731313135383634323931663432353739
30616535653862663036303333373866663632366632303832363763663033623739343261356633
62383234626534373863303330326632366134666631323230633136663233356137643932616636
33323064623762623066663432346337346165643234373936663538613537316131653932663039
36653462383431306634663664616537663036616434326637643266343137373061663334383533
66396339653739396438386366393038313565373436363538383566303566646433353765346536
30336563333032646537343132306665633036353436636364636536383865366566326664383937
63663835633966623634303231353532313037666139333862373963653466306530633234373266
31333062666631613635396365396165616138663938363266663430636637393738396430343536
32613837346363343330623032346562623166393862633432616439353761313739383830616432
39663566336630666131616531666539373162346234316461393330333662653164363033363563
64636665366664343330326537363836353836303533663836303766333365373766326462323239
33656665616531363034306331323564666266323938643963663635666431363765363361346263
31646334316130633430343862623137363337333637623839396561613238383466626266616631
39386433366232393366333231336530353764616236656133373639663366393739623861383732
37373965353665333162306535393831393039346561623465616636633365336439643634643830
61623539663439373537626532313438626232386639336636333332663863653237316631626535
39633837353834663262393764623138313263366566643366306334363561306136336265386536
36653439353536376430653766656230306338343338636639633430623365366333346561623762
39346430643861353232373934376232663766636335373664623766353739306434313866643133
33386631393962313432386535323433333337363331333434366135383132333362633261666162
64303664323633383633646433313531353837623538623430653832663037306632346639336632
61343533303435636662646332366263616366663830353161643635393364303865666334653930
39653966346132633334303464616431306636366138613637353561653932323263313930363261
62633030643063306331326530393730353536653131333062356466333463666536303832323465
62373966373330333065383833383135396536353038333333333265363666346331376532653332
34636631336263333064666132386464343661623837653166623935336230373962353462333434
62643639353930313232343163663162343464393637623165336362396534376534323034333836
61636339393138653463366465663032626338346333356239626232306333643464313365376636
61636664633362346166663761313430643561396339626234303763613730376563313433363338
64613232356165376437663061346166316362313335663636646165663039663935363637663432
65313433653536326263346364633333666366333235353339396532343436316662356639326461
36663339386234346334363831333861663563373236653236633462653463373935363836623263
62646630326639383966636133373137306363366231623333633833313533323763363737316635
61396533303831636361386539366465643138396437663332383366383366333464383235656261
66613235383563656561376164643138653733316337303166316465366634393565656631623134
39396537643466346532613936336266316436623562343936326639316534303738333462376264
36313865623632373236393035313632333335666262343363356266653433386665343339346434
62616235643266383964303038613838386331306163356134363264376332323836376138353164
65376330373661323563613030353234336161333766323631636463613665623062336265323734
62643863386334313935323931346661656662323366313135393839396134376531363237326362
36366139646439636661373435343530323038656265333964393035643063306536636463373662
64323130373537313566313235316435396262633064646233653335316465633634343366383737
33393337663337623432343462363464303934666636623733666332386131373264353637353938
36643164326565386663313434376139376461613561663132373264316334343162366262386562
61636138326531353564396430373861653132643064303966623062356636326364396439326465
33383162333335323730363734313431353264646165326165386433316365396166646139613638
39636337376466333262633162363432326363646634623766646337636636336232383137353530
38333736336433663334626462383161663733333730316639313963306238323335386436633235
37393837376365393434346165353765663934363434373337343333626264316561396631623638
36353464623434666264613533616534353463333466386637323532636165333932656530363036
30316230613438616237396561316335666635636465333638303161643935373138326637353135
31616638666232316230353231303239646536643531323430386162306263306566613566383062
37383838636132336336623437373531366365643165373863363064383832643037386238613038
32353131323138366232613439616461306437323063653437653064646633636163653133356334
38363932633432353666323833623332626562323864363738333666373131663033333265343032
36393232323562333631333166336636666231383330633936376233626131376564356336643836
36623866393838646365613036303630636464393738363830343133396339313834356535343463
39366663643631666131626137303735383464343339623561343365626530336231336430313961
62326535333539353937326232353939336332636230326166653030666237626634363364363361
36343536303237383135363761356233343766613333646432383836303034363539356633383264
36343366326331366563653033656361343861663834636164383738653832653130386561333937
66396130653930336431373461363061313931346163353964353362383533383539353935343431
39656539343532613433393065613331623664353166333030666265353965313932323034663039
38613032613732346131636265393139333666656331353339323365376434376138616565303937
64666466393763356461383834386232303165343637356363636635353232636531623134616435
34633438356134643962373631653037666235616339363231316362633532303933303934326265
61336330313034363337663932383961633066303765323030616563623465303433353335623931
65353330663765636662656534393334663862363865343237326261646137316131646635323664
39313931356533356261653665313665313233633536376238343764356338616338626435393539
32386435323062393235393330643462653364313563356162383234656564343866626362303937
64643266336662386334623364613330643563356632636166323164346232303539376539613863
35346231653732356434333664376462653534626262656439613663623939363564333431363065
31303764343734376139633064343263356665383063663332333766653838663330376266613166
33393061383434623638623262323863326162363365336362623933306334383232393166336466
38623234613130633662616561333638326231633431303464303039393466666333386364656133
36636164306266396661373634633065396332643432326332303930653365613532316666313336
65623965303535316165323533323064326363396135383865373930363463356465396362343261
30313634366563663738303966396538363437636532616331323664376335343930333539316131
65346238313738396436326136326536663961336165323263613365633632653131363362656531
33613133386164316332643139323964616139383363366530613661326463326132306165666531
36653561383131326433336230363836653631373463663930383739393361653035323234343837
34326130313630663132393231373766316532346364313639363839316335646261356436376639
66656366663238636235373332636134633166646532326265323134373739656135326565653561
65386661373130633131303535636431326564636632656264306166646537376131343438653433
35623138393932643562393637663835353231636236373635623033643435323631663230333663
66386331303536316236353337646565613761323864363730373837663262363361326630666639
39613964343035613530303332616431393361383165306435313231363866616632326662373264
61666436626463343661313366613235333961313137346532303563623361663739353334363939
30373836633061383263313161353839663536316332386135616430366662636638643763383336
35383336333966326534313637373461383633653036666466343761373635333739366132323836
64396262366238326463356464663061653436363133626337346137646231666439326534316637
63393566653137373862316239386639376531316466663666336135616435383463363135663338
36326163323433363564666634373136386232646666396438363130353330623065373937643562
39633931393434373535323466663439646636633434613336313164333631346263353066663766
66383335323434316163376333303633656236303239343032313865643231316461353831353333
37336439363261653562396465643133306662623464646231313866363633303337656463366431
35383534326635353466393430663839613863366565393563633134646266316461663833313762
62316666363437373363666235316161343464386139303737663766636162323239623061663635
61396332326639636338663039616231396462356233393433396364323265363231626165623666
30613831303765636434616539646565363231313362643837633665333361613737663931303735
39613564396336343533643262616530653339373136376337386638376261666135666565303636
30356461643161313137653063393562633139386233396138326132303036333537303837323034
38396462616235316339306330383536346661373037636237363531653164663162613466366435
31663439333061346464366630346535343038636235393433366261626530373630306538316536
35333263303338363330666461303965633666323734653230336333373864663966613433623762
34393230323338653766363431633836303336326361336237323932363934646535323664313965
35646266336436316166343762316565646636316237653238623332613538636531313761666130
34626636623337363730666266666665386434313862353833316339343264626139323765336462
32326363343331313664383939323639363164366265313932656532636330353539333565323166
62313438613331333938613930386130356463313765626265383366626362623836653639646531
34623030643162343031346531633338386563663332633037613461343736373663326262336334
37626630323038373032313266356362336565353330636432636335613961643135613536343266
35313539313637653433336462663334666435313733636532643538613663643730626639626536
35333363316266623831393136346331363932336135616633386438343161303739643135383033
65313061316630353366323536306437306635353961333363626538376638623430656538356238
34316431653264623539636565306130666161643862363037313539653362623437623935373766
66353631626336616263613032616561373833646637323561313730663066316562373964353862
66323934303764643333353636623963343736633333643035346534343735326235353631393363
64633831356331346335356564396662626565633063346530366132633937386235373832633731
37396463373635326466373164363062383534363833323865643438383766616666353364626466
32323832336335366532653963626662313038666561393131323937306634353362663038663639
30643564343631623861653066373264376661326466643539363238636634386661383766623862
30326166396663376234373833393330353530326539323739613132363162373065653037363939
66383666373235316235616132333939623930333830333664613365393262666330326431383932
62656663366631383563333337383461656538393832663861383139636365376531323361306534
33616563346336393533626462313334383930636264313064653264303638666336623566663734
35333137356264323030376462663164633637663438663732353032643432393834343532653964
36303538626437666137666663306130656537323930383432616231376438343964333036633633
35353234646436353130326239343866303864653665393930623965373730663034353830313863
36633363613531613636623132373264303839356663303966333161353839366366613438353232
30336332653961313762653835646336313336356630333135323232306230386166393132393162
37386636303263313462393834626332663837363434336633393834643761663338393061383036
32313663313038303537653265663435643035623439323930303438323436386334303163623063
66396161373365666435366533353666396435373836353834393332656130333236363532353439
39346134393330366136396363333632316535346431306462313366653636666464356565373163
38336663663039333738386536623165353733323731353735323136343162613635313139333130
39326664356636386433346264633464363137626466323530326430366531386439643533306630
37323964333832643638613936383766373363643235306138666338306466323863663761616663
65623831363438323761653031343930346330323937653432643833393330653634333133653366
31313562623934373961623732623433383962353737643230616233353261616363346664386162
35313436333564303834343937643834306539653366656434666433366332346238663537353039
34373534363436333936366233623835323132633165643133393737306235373464643237323565
61386334383636656232633464656363383835393238616339393639663539373765353536323232
63353763663761326539653932646363616130613633316137656532386639613536306332323264
61393738613136356338316563643861303130366337643631336331333130666331393465636234
36613537306230636665353237333363613863333034633438653331643839386466633662333139
65653561363032666430343335646265613466613433306539653337663466363333663633616463
34376531313534383436623731633064386431333364646130653738306234333139656330646639
62633336306436346234393632326230323133383838376266633139356139363933386338386166
39653531663536333635623934613439333236386363663265653362373362633132613336373832
35393136363236653162643836666430613565313565663037636331613633613238353435376430
61353238343437386138653262633932346433326335393732653061643634336231363736303963
31383738623639636565323363316237336439386134363138326534336337393863323733626465
61386664666430333036353538363139663530363637323534303565633938363638646338343431
64343031666137376238386430316631616530346232373438646561396163393638646561386437
34656337366435656136356337626465396336376335663565343363383436663634383365376336
62653734303662383765336234386363653339323734376265393863636230396162623231633733
39393433356462336339346632643431643937656436643966363332383230393033326163663163
63343761663534393165396235343261373936656462323031643861303461623431346666646365
62303966643762386363666363313535346365363933313234623537336535303063393234636466
64393065643535383737623563626130333365646139313238303132353064653731393432663661
64663438333335626664386335313765376438396436343933653337616534363461386366633764
36643230363837323261336662323964653232313265663138313031643431303731356536323264
62323763303736613964613030393664333532333163656239623837363139396564306462633238
61386232393762663965643463376532663864646362623038376564666433323536393561303439
34386138373932633039646333366630353837343162326663353336393534303861313338656433
65396661363362326239316534373263643139623832323963353730356430363536623033303936
33326239313635396238656165353665623238656266336665646237333961656639646366616331
31346339323765616330616536326635323565303638643934336532313164326235383037396533
66306630336136333838383539363835303533346133643037663139656261636632353961303865
62613162363935346433633330373233653335396464636437376138326532323663666137313864
66633161623762643464363839316239343435643631376632666537363962363662343264333866
37343565363639323365393033643630366130373962373761643636336639306165346339353931
66313533376633336235646238373230363132653337343531336632353434643139313734316362
63373261613831653135393235373138306163636463643934393837653662663762663735643932
66333332373438373466653363323461353065343061383531656334323537376136643366666130
37383737653136616135623462316135333031323435316630373930633531666337366335346262
64323462663861323338363865616264366138616631656562353430393432343332363663623363
65346235343534636165633566313766636331313866313137306138636666376432336337336334
62303336386665323065636561323737623365613134323830666364613161616433333630373738
35646437343934343132343839666235333363306531363332326165653431666438343764353364
62643134323361633731653034323363666536383539363565363837663166663766643062636462
36373335393637376130373433653161313232633661333061383766383839313437396264656635
33343634643630373137336439353734663034653463333030646633353163323133383363356466
34653065633364663562623430306662653163303366343939313933303739656131326139363135
30303435623365363964636230373963366631653531346434323436356333623964343363306165
31323131386361343361336532393936616161313933383565353630306565363630376535356233
37653934353061643434383733336339303039353038346366373862396336333438633238363661
38343331343932653434313761613835383861373866333264623462366561363536363961643938
31656436663961366233333463396564393836653935316661643965616232333536653564623738
65626365356333333534323663396562383661383762383761363964663235346335383437646561
64363461643765666266336332666238623439313164326432643530393434663962323461633035
36613064313566396432623965613064613961396431326136663732623934333438393038303038
30626330303939396666316563383562323566366130366561346239616433386634363564653630
66363538323631386439333661613538623237333133643331393231363036646336663632313636
36306637643433383662653530303131343238626131363437663562313339353437306335346334
31613961326261623065396564313538643236316564393964366263336437323363326330663831
61653737313963386262643830623332363437343963313865376465306266343439653932336666
30366566623232653137366565333933303934353865643938353838376331346266613166353662
34303730313935303438643163386230633433626330353134623363326565363261306230316665
66393339663565643263616130613238363633646233383165373337383632323132643735643030
35333438636139313035393039626138623835663766303034393264363032383233626466663131
35656431656630386266666639383738396164356134363131313639643962626335623830303238
37633966653637626664316666303938653964386264333865313832616466343264616139666530
62323133613638396230303535356534616337373166333938353131346236333263353038623938
64313131356534373738323233323130363262373233303032383861316339656365366136376436
63626363363136643561373830386534306231373764613932356136343937343132363933343131
34323530353637623531366466633063343131323739636133613738306139626138653561663430
35336631396338373235636166613861326235333432643838616463363931653461313034326332
31616663356639326361666433643739623535353334653961623861633461356661656266316266
61353433363530666366623065646539646631666261313862643262363961313463653764626631
32633761633134623334333438303730366131633933393133613831633863373664343739373632
36616631653332653736633161363161646265613630626330366435396130666332613634323034
34303237333937326231333566346331343533663737643766333739363964386563343664626533
30343630333061356634353338343433366533663236313831343035376236336434653033653336
64633964363830626538623363353937666534303130313361643464633432373639346637623966
65613463396266396233626533646630333262643464643132636436656361326663626636616366
36313233393232643833376537363833333766333866313465343766333462313161636439666231
37353434353732383333613864363536656136393165346336633465393330313061643937623165
32303633363635613766316332303134343066613961353934306362383231353738353238383065
37336365366663346636346633323432623334663136353766373062386266353530346465303130
65386232656132623361643439396438316163656162393437363539643736386366623065623831
35363333666566336661323362663334346331646232646133313331313436393230633237613661
66656539373532386266316536343032643738373231636432333639636636316661353633343739
36666433383932643635373736373636646664646539303532363662303065613965373263653537
33653934356662353465656639323633363362646336393365306638353964623032353236333939
37326166376139636162333862333234663462333865653163383266393037323066646663616663
30363230663262346163326139623166626535303133363135666561666334363635346235306230
35346630633534346339373438353861303330333864643233343837653364366431653561613233
34376332333336386633373738616534343462323838626665653933646365383334363838363465
35363062623436373763306362373939616261393133623961626237346536663466623235326634
62316562643538373239353961386135333466616339306363376666343733656330613936653234
37363630303362303936333865633038313331613636336261396163313933623536636639363538
64623263393462393439353266613139353137363562636665313938323234306332366134303366
63653564663066376230663463386532656635636239613261323965333063333961303633316230
62636561363532643332636430616363333039353337616435373930303432663535346265623562
63316230656564313563346364643933323834326261666164316662356537393634663133653766
36333561643138366136366566333032666332306138343530663461336630366239346464303361
65343166363933363930643933646230383165623866653833646134623531653232636265366566
32376161623031616339656662623233656461633939343264623361633736353061363566626438
31633139373037393363613033303563306464333733376536666637396231663338343130363530
64346332366263613031313136353831313165376464356464306334663432636663656337663564
33373864393835616434303430333861656231353035336336346634626266653638343436333638
36663665343336643965663061623138376633323139653065326134646164303039646163363430
33653839613864336161633362356339613937366536306539376337643562373963393563613461
37646334323364306430646666353331613331653037666332656132346634613730336633376365
66303231653564643930633564393838383136313237643033323634366132663262326666656532
36326633656634353463313732303333653633353464666237363966313939633266313136306137
65303565643634623263326630666565356439346130353262666463623234393734656636623237
64653630306231616332663563653432323734333666656238306239346366376330363938313831
36356439396564393137623531306137303131333133633864303064373163623936643633323537
61366535383036323230376130366530623463396563626262633564636539393263303630363865
31353866333962326238666335396539303639313062653632373262393165663130666631336364
37393936613763366563613837386336336663363166666236353463373063303066366639616537
30383138636564663563303736663064343439313162653838613031373163633862323636366265
66363637313466323762323634633862343634396136633739623237333230333236356632346234
62363966653766383566393065376630313138373962393738613662386133323064353237333364
66353632663437643334366531616662396262663334306164646165393765346266303564643530
30316431643638343034613765383931646538633666663532333461366430336266613264316465
63393130323664316332613238333637343339303731303364303630366539653931386539373964
34303365633561333130383137346565393036323336393438353163623532326438316162356339
34343230313631636531633162343731636237376264313032616130353166363239316662633936
36313337343365346636376238666538636137346139326339353532643339376361326562653062
30343339313132366434613936313537663961363165626436363637373865663861303662343061
39613063383030623739356361333965636631373461666137343965663662373839383164633364
34386538636464333235613838353136323935623065386164666130646332633930613331393537
62616538373537663161643464303230343466333466383832333239323366326430626362653162
62613935333037343766613261643133653935316265656362363738323665356431326137356634
63653030396337346339653263383738333234303364653366366561633430343863383736626263
38366632363834356238626461363538383539383466323065656439663162623033393933383635
66346535626338633938616163656430303262613338613561633466653662376538656637373730
38633032303265666633323365623435626536363535663462356630366263393938366139613261
39363237346466363162656435623631643766383363623066393038386632393237393938363436
62623663396239363530623762316136363739373635333932643230343236363462636162313739
38373935363736326535316465333166373961663838653837383362303037306130323339333235
38653239646666396530363131653732383763373032653437326533306461343639363430326361
31633237383032616132336365396532376534616364333764666462616661356236663234303063
39653038656336343135386564646361323433313034636535643733653732396561316330666162
37666263356132653937373164306330623561306666636536386132373361383366343938323731
38386131363266373339343564636235303535316135633866396230336561323932366366363932
66623239373066663434623231303661306330666332396439633561643834623735333062303636
37373938643137656534303964666431666435323331353438643764306131633662333633303734
35633937393937666135306635366134343964313237333731333336646534653337323739333464
34323932313363366461633165613863633165613565653139653665353764653063636138633636
66623063633464383634613135653736373733346361613739363237376366373737303731333966
37366633616132643739636638656237353635323935386563386433363333653235663037643333
33336537643566656139373539323766646332393638613434366438373838626637613933613834
31313262333763633464613638393734363266323664366130376137313632306337376230376332
63643466366432616432303137366338663965346438633234343563633839313764656339613839
35386266623263366634316561353736313465313733383961303565653539616638613639343932
39316364373961666237616230336261636232393234636662323234383563356661316434366161
39353438323932313634663766613436666236386332373631633164323163336432646531636534
64613131333664326636333861356264646638366237356232323165356234343638316438353335
39626163323831356465613864393832643630643638316265313038313633623132313530636364
32653964323932316130613461333964646332646362623466386162663863373734346138633464
64613834633138316430363266333631633436303766623830363765393065303266616561363534
32663938653038636133373630666637383439383734386433653266636438616230633830323434
39663139313530306431393834336663303436656265343034613138356461623662353063323834
62326633616337343137353430326564326238326666363439663934353130616261623634336137
38316331666166376663333564626263346439393131393965326333323561323761623133346135
61386462383863356133343635313761636134336136663165393235643966646136356334626138
30623131343463613333353337616637366563346165663735613636383434633965353930663932
66376530343862613438303661306438623730663035666266303334353365316231396533633933
35653332306237346466363338383363336664626264313231393034356335363330393062323364
64393061303832376162616463383532323036306266343133313938373533316265623434333433
30633032306635623965626239343861303633643735326530316231336533353931666437643735
32313632333535623530336630656134663433356130643333353161393336326133346264643131
33396163356634613136356338393035383961313834373165303034333665396366326265623239
35613136656264313536383034356137626633666335343637666335386466616437666464623232
37633337343030656361346337393139386132376366303133363833653636363864653961643936
64663637363138613164326266396465646539326463393862616236343035353966613265613232
64643263393539316436383665643836313431313339376662386136383361363336316665633861
62323261316562326566656535303038333164326165666531643235663062396234383763303730
39303636386364353034646464646436303430313236366166623061656537333139386538643065
63306237616536373738626231643562333266353734393236376135336665633234666436613262
39616430633138663439623136336261323933656364363033373737323866643265653338616464
39383932303531633930643631383835623362653363376239646637623565656436656465366537
61373734626566393730326261396635666263623634656663346262353830366633636634316461
31626233323737653933343432343530363239646431666530326464383134316634373237376631
66353938646265383461356635643731393262336431653335353739376134643336613139646537
63396666663232646136363230383831303730663563383438313837376235373037356465353466
63653266396362666531393131346331643736326433626662383565383235646564376236383565
64633033306261373232396336353136313964633866366131626538356239663937616636653032
35396264373432646564646261343664333966613265626565363335373333353962326430396634
66376134656265363438636533623935653138346237353965326263663539396331396138363065
63393336383434346130313135623039366533363338333863656263653436323736363333336231
31616333336432633564633433636365346434333633313437353430306533363735316464616432
39653434393163323234316264663437653339653736396131653066373862656261326435353435
39613838363865613962313963393630393633383666353431306465646166396238336535626539
62653838626237303330333366333638356630356231633830363365303964643635353962363231
30653866316536613435343533373239636531306639663232633032663361333538373631376163
37383930643363613537373664373262386437663232323436646635396461613966306133643939
30353739353933343231653462326136386336323333646361386563643462663661623464363830
39346236643761346164353463653935383566636138643637613838336635623131653563353234
61636638643466626334623632306430663264336438613363373863386135333239393933346237
39393730383761623036386639643063653432326665626163333565613438356134383835633030
34646461653938313763333564643433386637393666613634336439623637343661643461633962
66653466656539616239666565333338373434353337323935323964656465666561646265633662
66373438373961386538356438326237306662393539303532313739333830353664623433653636
34323561666662626137336339346337343937343836633764353238326532303933356263343932
63623363376263326538366637623332323166333566343931363036376232613238386134386264
30656639353062303933613834373965303735326231396233353531646561336334303566656536
37313537323830623730383465646466346537636266613430366236396631306538373765356235
34323861396632356137353233316332323133623836643838363730663364376436343465323936
30623437643263376463313838303966623930303934383836653137323061323031653836363865
38613463316133636334393735383734383332643032313331383837336165386131373834626463
32396566616134323432343263613639623933323764303133383466646536313938623838333635
31623762376466663864393261653234613838333161306462383935386132393562393732613736
66393536323738306664323732643463356561346534633034376361653766653434353736346230
30656639353164396161393639613061373765613038363263303736623433656565623063336230
32623235633133336164383434313439333961306235366339346338643462626662326364663361
37313163386663646361336531346638336432316530383730396137653964316539393735313931
32383533363433343032346438393061396234336663643039396366653936656239303066356366
37333565636637626462623039353238306535316233373034636331643561383233613363383464
66343034303362383664396631336665356138366561346334623863373762313834653163386161
37353837663061663534306237613233646462613130313065356662383164303665346634303666
62353637616536393562363630363330393237383432383031636439633865376132353630326637
66316630643561346431356134623333333161633566313230326466626336343161636538623463
61353261363636613531333132363266633466393766643266373463336235636533656133353038
31313930346661373537336334313161326330313136373336363439646365336562313438653237
30393731393238653437656439323962346164376662363633663534356134353736306338633734
63396633636664656232336334653363666537613739623437633864623033306332636162343532
33636233383232356564373939303632326265353765356662383234323536306365373534626166
30653231636364666430373261363166633661616434643630356366333166343336363532636661
37666361613532393130656230396535633037663335363836316534353264306331653136393664
31646665313631643165336538303735303966613036373634303562383662666261663335663963
63353366656266643861616235663265363937623862636162643161353266323563626462363539
66666334356532326132383766366538633034623561313038663838393461636338313830333631
61316666336665643461363739343863613764303663386432353636313637643762353733613565
36653632323031386431326631363765306638333634633265656464323763653764656666323539
63396465383730333166333661323365653864373466616632663566376133613566653936643033
63623737383038653264326334666434653563396665343531366135353666366361366561393965
34346236616262363836363130326437343231363935663464613638393631323331366435363935
63623664373062353334643439643433663162336130623264333131323836633031366431626164
64376639316537363638383466613234633462323639363737633364313630633236653934623937
30353962336566386136623931616663616338376336626439363833616661336266396636393238
35333034616264316365376337323665343864393238353331663331653161323639623766616562
37306263353637643335643261666465636637303165626636653533376164396561626436356632
31326533646239616539346239666533613532326265383630363031656566386339333638373431
30336563333838643531633963383835663436646235356236633931303264623565356637613939
37336563386466373632303236313664643561303463343937636332396338323366373266346438
64613836633537353665633061353037633636343034393132346432363264636465366537313238
31636439373039653432323561623638333033653066313030633635393666663463386237343735
36666631316432383835643339626562336630343139653437366465363933366138383062643965
36613430356566323239306662376236333235613735653331653064633963646565633731616336
37303634303336646365646163383238376465623664396362326162626532656663306366373035
37623437303263323665333464313563343831313033653232646364666366373438643964623461
38363031626365643766346439653465393865623634373864346661393430396231643163613365
31316462373665376432363662373639623239616366396333356563393339643764383166613665
66633063366665656361623130376534303531623237303964666230393035333762633462383833
38303130353033626133353664353132333461646135633234323465663362313530653834646630
61663130313135333834373639306533386132663664623937663532653032343831363138393238
61363638343139336534333533373632636532336266653561396664643032336234366132363061
30393334663434363066396164383665366165663330633166666238346665386330666262666338
39663366633738653562613866656161636439323963663135386362623166373533313763373738
34346433333437306137663466666165363339326565623131653361393534323235393537396435
37363831363265396266333030373136363566613764393832336239636337666430363665313464
36326663393063303762356630393264366463336664646632636232346265643362396230656566
31643861383030653461653966633835386330306563346337346533666664356365393562313634
36646666313838633239323333626331386230393462643936323032633762363238356334353133
65303537383436613732373636663333383037323966636339346534333361633639316339663938
33343738663631366562356165343962616531313532393538626162323764353630363334363038
30613932346664616562363538613337373638313937343434333763653465613636656337616632
35623266363064343532346330343030653039313061346134613538373335623733353336613631
32643333343937326335313566303838313138333032663233323133363438306538333533313931
30326435653336303031663632656262653863643964363735343139626430316565313833643035
62396461333462323534636131373162316364393133386530383032663962373138326337336338
33333762343235316633613066633830333364373534653162343062396231343935316138616430
61303334373730373135383130396334373338626635393366663465623062396230396434343639
32663034383938313464313664353066303038336535623865313839616431653333653630326434
62383836383430376633356535643033666333353138666661653139393137363266623062363136
63363062626139646236346264383434343764306130333461333162623532646434333662356566
36363162303734666139653739353166366433393238653964386532353536663434316234386563
62386261643962393363393135643062653462343238616637343333373337343733313433623761
36613763633333613265333235303965656262616435346565343031393936663366623730663834
31316432396634353138313338323364386332613533613963636539663361306361643863633432
39313764393962383431396439326463323665633630316465343031616236376439313035343563
39666466343935303062623561366164313537383539376664376361306333643937623838393564
36636136353035303032333966376434303838303563333036303031663732613439313933313863
63303934373834313334386533366636313363353436663337353561623638323632306265336632
36303930633038623363303563656262666366316136363663643137616133373761363033373736
30646466623861306464326365376161396163303061613738343962653233666566313839626362
37373562643336363438373832333733663431353065353336613661353761313933303233306334
66303162326366343931333663396161343232363232633163636363666363386332623561623734
30336561343265643239303861636638643331386438383061646239353431306663363933616264
35303865613231313638343033643233313833613362613866383432626564333363343864643261
63353762373131383561396336343336353361393332613137333734376138616433626639323662
61316162383238636264633434636239623530303030393435383364373932646537663664636637
35373663623235343834656436356630613963343139646434336562343830656636613830376432
32346461326262346535333434343031356565376131343163373834626633316438666162383761
36323864616330366461323436633034633833396464316138363430643464373433656535303434
31653263663331326563313761663261666561636661386337653832316263613731343331313832
38356139623932353930343766313030663931616132636330363561356333613866613166623566
65373538613237376531306262326530356538643137616134373237386532623037323232336564
39633330646235623432303239356336633837313633663930663664636637333565363961306437
33616466613565346261353732663463643163396235323735613232346336353436636534386163
31336133383061623039343832383938363735333939616363663766393132373137353832653139
36616238643761643163303863353134643134356664326436373734393935303861386364366139
63396466316237386639386162393666333966373035613539326332346530313133323531653030
64663065373463386231396463626535353532303634343830616533333463316562626662383830
30316664663333623563633632373532396164386166643739396433643237336436336130653830
62353135323234313530646565613231386461373633313732646232336261646661383863666334
64663531316366326435316233613665633336626262633639383634616166333061636633653165
39383062323634623833626466336261653636333136343336356638316363613865373232656665
63303564363936613664393133643961653862643166623861636631393632303636323635316461
65633539326233626530616131333262356636356532383439356332303163653361656534353261
33323466336561393066643633633138306533653931306130623534636135616538666662333537
31353131616261396137313031303834633135313265613762633134386639316637646432616631
61666430363034393231356332306230643666356661306336383436643261323631366333353930
6262663631636365653166613761616164383537326238303434
