$ANSIBLE_VAULT;1.1;AES256
30633035663662336362333634316433623639373839643565343665666565616338386238353833
6231353662316661383033323463326661326237303436330a333436396435333035306231663938
31353562353134303163366534333032613833373638356534336131373365393930363339333261
6336633233646364650a346631663539303633653338306439343663346332386130363533343536
36376635353439623438313833363365343261353164303133373638396339316231353761323236
36633832663066646434613636353532373536383237613664633565656162663833616331316438
36313834373661346164623632383033633734343434316535356138643737373038303961316330
64386336346638656432353131336263363265613630613762333037343862336166336235303639
32353063366131356631373839366164623963333566303232646432396630613134356432303830
33313331373032626430663731663266353336666634633666383463616664663462363330343237
33663139313830393635373138656635656466346532313130323163306464613565653864643765
63336334666237633366313732383834396361306639373933323165376435633934313865303239
37356465383165366461353333346663363134343836613664333266323533343734663130386632
63386561353362383733356132396261626339643638323464393966306166323832396438363364
30666330626432343432316633383331353436316463623062616234303863333865306636396534
61333765623837366533326562366164383964306230633334366461623039643030666364666432
35316234643030626665333135323664376232343865633537613338616239663435663138633862
36663335623861313737616261323535363338366530633861626666653432363037313437393030
30633535626437633366663130646431313238396262323338356430386663663232626435393930
39643766373038663633393730663435363734346430393363666662373135613130376338356265
63616332666365393431363438376630666135373365653437663037666135303338313136626338
34323664323539333464356134333964626537313433356431393638653361323263373130613262
66373335363432656538656335333665336230346533333436383065353839383866653337393134
31373630346566386339376237613830316464666661613431346363386561656236333963666430
30343738633234303662626562393131646566366265653939653039316236643032343963656435
37336665653261323431633661313235313936643631363738313063386462636632383535663562
32376566383461356462316165383239343830613733616165666435386334626233383432353637
63623763333832386339376138613064626430346637386236383035353765623936623231653634
37303265616136333363313232383836313235613665363539623964383333306133636130386334
39346430656363353539363738303562346134653034656532323666326532323638366334323339
65366133313033616133613363346430643239336461343934373033363663353834633030353234
32363030636239323239636139376264626263333663643230653133376664373438656237656339
36326262663834346332653537366331626231353333643062383033393330653333663665666134
39626463626131343137373665393465656563633236396335653433356139353633666562343561
61613839616138353435343965386162376266663731653865636138646330336662616630646235
36613632653536323161393838616239646230643265323333393233656434373766346233323639
61643335623234616462323262313232306131643239636330643439373939656230383335373566
35613963353530616364633362383064323764303431393636356635386535636534626536333262
64396533306664656464396466633735343162313431356362663431356462316561626635353762
32306266326431653530366332323062323862396536613264333738363862306466366562666433
36306534396331643732656532373337383537393733353163363034616363353531326533646436
36383761393164653234343264393534313065616336663535626531663832356236383661623130
36366163376337386533326237363433623938663662303435653830303835383237363837363837
61336630326464333966373336646336333632613962636461313636373137663831633863373365
33633037623366326437326361646532386637383930343563363737643234626630646436633935
39656562623435626437303838626234396263643062663631633330353532613237613261656564
64326634386230373732646637636466373563343535373535633133646135616363326564336432
36373761393164656331376364336361373464646466643734663832656265646166623634386631
65346462326133316338386561306130656332353336333965633266336237393064396532666439
36353931326633363336333636623035313265633430336638396335656235376230616132646233
64316534636631363564396434633435623030383336366364626438636433323037656263616364
36613062653233383562313737373865396365376532373664656133353061316130316166636464
65623633303836613136316237323330616536343831643365626237336534386132323831373331
62623763663034333232613762353361636561633165326230356331356332333264646565353663
35346666616134376632393861336562663163346538623330373731376634326564303235393764
33393535343730616230343765316263326134616634396162333633343761333631313035663132
34633536363938666438323065353666663265383632303361356465373566663231613966363931
30623330666165653164663037633032393331623630386531396363393635363039663632313761
61313066383061333239383635343039303064303436356235303663646365306562626263323962
38303962343661343434346432323061653136336339343265303566646136316337656236303837
33393932316233333938303966333030666331306562336166343864313831633537346137373065
38626433326230626231613530356361376630353263396633633434396665393665386133376534
64663165653737626232393436653634643662343933653839623732343563313536306264356334
34653334383961636666653433373534383764343562306239386135646263663530316330333366
63613135373439323030356536613131366235623833366434613030333861376264633236306163
64313966336630383532313539343539393463383532376561656236303538383934373237633565
35306463333436363763623366326461346431326431623364323535353336356531336232663761
62323963616165363262353662646135323265303665333062323935396638323531346337366230
34333633343532356463666464656238616664646532313661373961376132353732633635323736
32396133393138316664653461643330313836393230303066643336383632396237303165363163
32313665623139613136666434616331643465613739666535636565393266636334373332653133
61383265656334646536393731646435363265643366343934353238643565373237613534646136
39656363366432373933633663326535393139643433333330373364616264363762633566323939
30393837393237303263386638616161633639386436366636376436366631626635366232306334
61613234613633613339336439313536356638646434636461663166333162363439363164633131
39383237646162643565336433343532383734653431306139346337656637656339643635323237
31613236623835376163653735373538343564346233306366646138613261616361336432336131
31326266616536313037366531646232616465356530626261643231346231613732613538646434
66346431613835346164643762353162626461356163326563326264353963356536383634633532
38303863313930303130313636373462666539303939323430613162316362313833393366333539
37663264663330666232643335633736363835323364383765663337303336623739383333636434
30643433373365373961326539643962313838646364316335663930333838373538316330323033
33353730646131663166333833656433373132633638326137313430613165643031613063623761
66373239356331363661313330366630613933376535313761643035373364633938386235666261
38323765653061316436663834633231373733623832656339616130343666326363666165343063
36376262616232613865643939663239353862313437363866393331313838656139376264326437
34326135313362613935653163643731356633643466656538666262663361323938313632356532
39653132616166363165663633326333623862633537626561366530616634636238303634663230
64303130656430643866333532356135343932633062653939333063386336616261323038383261
31313665323839653130343064383936366136336632393665646536383337646666333736316361
36623764653534386339326266346139346535316461663436663735353034623235326135663131
38303932323737353866393333343063656564643562313936343963626633653662393930346432
65616539663537333662643561623962343066303162353463626535333864633134346230393137
33643864663337356566393332313339653338383732653630613431333164383963613738323265
63376461393132613235396237383534323830303433313861373138346537393130356236666364
62316566366363346238663534363630643034373137333838383832623663323634356333643738
31616363623133383839373635313033373864336366363763393763316639373939373638353736
64663232353039353934666663653763313462613836636132386266643166333234653635323036
62633434643666616266653635303061386635616231366537343631393536643365316264383437
30626532396162333666333263613764373964616333663465316432643566336464316532393861
38663836663664356130386330623735373730646161326132356264613663626137306366376532
30613632623633646665333866323432333263613734303135663433323330616663353737633864
33653561623066393939383439323261633163336666326239393166616561363838663165353963
38663034396463653463303234323166313366376562396262666663366563666536383337373131
66356630393766616337663162623338653166373935356263393536643465333532333863353331
39613738623864643735393230373261373137333665626531383531646635623564383766313932
35636432363837623438373965643432636536656438306165326562396235646631656630663633
38643966376134356663303932626130343466656234643739333031653136356433316236663365
31623166613932633435303131323561633265653862643463326531346234666436323362313730
35376532343265366339636465373536636562346132393061623661626435376532386433346432
61633564393832643563646564353861313566656665333964376661613861353566386332623236
39333539326563393636373164643366663435383430613265396131346166656435653638363934
33376266653332636661373966623036343962343366366665386331303366323731663762313635
31356261333464636265636365626232393565333430323062636261616134626238316333646163
31663461316633643530643535323437636434663639643034343230636138343137383634666235
31376238313536323536373138656237386163323665353562326639616333383161353134643934
66366664666438313839316363326239366361396131656262613232336131626363333331336234
34323366393539663162353530616334663039373032643837343837393930626665636466323736
66306261393336336430626536376430306264653332356438623935383837636363623062303238
64353532383165316163666235653834356231383434323562656332343636313237656664353831
65613261643635313162323531633131633361656133333830633462373066353966306665663661
33636561666563393732393564656330323838666638653835326265666365656463323163653961
32383466663036656465303164316138613837333564383835663038373839633535623038393437
65363633353465323431336130633863353430313662323062626436386338633862663066363134
34323432393866613336656231623035333534316531663262383830373336313137313262373734
38393439303038643537636161396331383438343736333963656233633661353034653631623632
30396531336338633563376466656634333930643434353234356433663861336136653761663134
62303462666433356165393030666435613832393463333434363433623230663432656530386466
31626133666432613765653639663235663130323233323162343361303964333932396137306238
33313435386663616361643034313266613437373964666138353665373935316466623566643039
39353834323966666166376238316662663034396438316539633436616565303364643164623539
61313732316130656331616237353963303465633332626536646263363436623063373762626138
37383563386236343938306661363932363838323865373530616630623065326364393965643462
37313738396637366564316166333830626134303163646639306261343238626130643962396561
35393437343335336364636265623337396338386364653738396538666636316265663562633834
32643232633465396162646537616630633562383734323063313538393631636239353232353737
31313565643766633835663161343838643463373865326662616237303664386562333936653037
39666161353738323164653238663963383237376562366335323133643762373264623266633438
32333162353635646565623336373733306337343666343061356363653164613438343438363332
33626663643736313166313532666531633064353762366663376231643466396133633262363031
35613363666463653863643964656336306133323562633433336264626230323037626130356163
61306634326163646630393663646264353732373363656562656263633464366461393132326265
34333562383136343163653236623962303565623938316136386339393232393031346263333361
37373263383934393537633037386362393938613166326437396130626235663466636635383631
61626465623732396130663961336437353632303565656263643262643836626136386236376263
65633438613337363064303865656434653338383665346138663838646265333138313462663638
32613636323166353730303438326435653638353138346233346339386564633966666236383833
34373365353163356538626436386238356465393831633561626235656634626435633434356230
35613337636331393939643835323231663735366133313332373261653366323238316266373763
34313830643339616539353166383731393533383330626464396361323333656136386162376138
65303863653936343532366235393063316266623661306663373563393334353534383462373935
36626331373235303638373763313936383962666564323133356331633533613530393131633961
39373966333339653230623861353062616639633539613035373734663730663463323939613638
65326137663962623939343033666632366631316137633766653038653363353332376437626465
36366631373835626230343661636133343664366463303464633339663861613837633834393836
66633434616161396331336563633037376632333930623066343139623938623338623835623732
64663265393731306337633737343237666335316339633330343935643634616462303461383662
31616662386265613961623364363763376364393833626238366135393565323631343863616337
64316331366338333831343139633337306135303462653462383065366166616639333063343038
36373535396432373739363332643738363139363332316532303737393262393631376334326239
36313039326566386463313730626264616162323130376337636535373939343161383536323162
31626331356365323531343430643965336638356166613661616262616137326265653061646362
36373062333537653532383434646331636162663766363565633363323232393264616137386536
35666534666463616335323563313534613731643439346334623331623130663763663735313063
33636633343536636136346363643737303533316633663830376539666234633132633665316434
65336263316263383437663632373936643764646431633362613437656438376137376664356534
37356339356432646632356164336566323736646436393436383165313536643666636134626438
63333963306632326532326562633363393536633932396637363839313334643136326639336362
34313631323566646237646265666262633962643831623338303030303231623233666535356266
36666134623463393133383866343135613836376430633662613862653138303763336136303232
35363235363738626238646337396536393266636466626131323936303532303632373363373935
31626137636661366162353662306363306166333364376539343136613266363634653034363538
63323933633066653232636633303563623761313432303265373939303535373431303366663830
66303364643961373338633632643634393166306435393334626662343865353638663464336665
63663736326634353536333536366535663233393336646134326339356435313263386361623431
38643466396131393839303166343164633930646631363365313033363064373236626563653465
61333039313337303632363335356362333933366437346635383362353531383230623430323766
39656663636332336538333236323764656561383938383730663534373563613938646539653235
30636438663336626365613863363930383763346537646332656162336430613735636532663462
35633764633664666162313732666334333639366663346165376539616562663234386531646565
37346465643733393434363064646663303532646438653931663462363466346539346535376230
63383037643438663564333332663439326465363037346362333738653437643232653832303934
65626466353564333234643038316365383062383838626335326539343763303239316431386532
39373131323535303339396162376131646234316562303236663732653963393762643332363036
35623633373235653331646565383639303631383862613433633865663637623934363233383733
30303333333930623235653330393732333936396531383537323232656662626336336536663466
35613561393230653334316265663162333338633239306333633633383965343337303137613961
35343538346631346563316263633838663463356330663833396536306561636436633337313364
33613066623037346536626239323532373838353738663463663237313430636165383332613230
30616532616166666466616431346263663630353861613262366161376565306164343133373933
30316362646564376239363936383462653563633339323836633436396564663232396161663931
36393365623361393538646537646437613866636230383766636261333837353939643366333832
31333436636336666536303434643666356664353963636435626239313262613066306538666563
35616431333163396531313739653239663835363165326535653166353664353038336666653434
39363635343034616564393234626338636130373161633832313166646136333230343764616437
31313962626365393135633663356262663334376636616261333239323137643765653964373261
36336532326262383964386463316532643830616262613732393763393764316433386239373061
64346666336662653731376335376539636463616537316532346534333566366334303339656465
62623465386262393333643137383234633266383738313437383532323661396335343932366266
30363138623962366664373536376339333531313336626632383338343433363538373136386365
64323130363764333833646438626131656137306436343565336438356261656339333035633166
33636131353030623737636363306234656537376233616461313631393536653633313666663730
61393664653266623161616536343834396362633463343430626530323237303538653136613839
64373936343835383036653365323236656630636233663135353435396632336563393838303439
32626335356561646330366338616231316538643666633863623162306534643634363430663865
32366434343464373834643866306664633830306461346238353739373633303361623736376665
63383064343261623636393466306664646565353239363237613037663761663632633061613838
39323131363666633961643633633134303633656533353139633865346339393834333230663234
65336436613535326438303563623035303566613166643831633637613033343166633364346439
63306562666635653363363263623133366364393632343034393833336166636338646661366138
39636330313134393630373363386631316439366337353166633261376663663435343434643832
62333263653963336561623536623130333162643965333762313634363936336664326131316335
38346434313530616534333064613062613132633162326332613266656563636336623462633738
37383662383935623238613131626637313633666561366336356635653166323962653639616664
32323737663962396364393263663564646432623134366636386165333962663263643063336431
32336235613662373634343437663839653762303765353036646661616130633462363564663835
30353230303432393364623363303837396338313332303563636131383863326337326561633434
61663737663634666438303633306466633432353232366164333765336463353634313139323937
63306131373634383664616237346138303463613230323233363363343163316333623732623733
38303636353830626232316563383130396637646638343131313361633863373332643437613263
36303234623164343639343966623938306366663631616661636635313762373434333830623930
37653762393166393635626238306262343664643366383935623230626630313738303931313739
35373739613132353062363331376166323038643234623163626663303432353662313365666433
65326664613666666230656537323130616436326466366237306636373438363237613163613363
62373661636631383365633336386537663763303965303936636233343364363137326161346462
31323538353735336631646565353433666235643464666138343831343861633937306232316338
39396366353334356233613938616462336637653133313639313161303338663931353362353734
63376334363862393537343933393065666430653833333733316463613231363662316136303465
61643963663464643866343835326637336265366265363964653064376538623263333432363930
65633963373337663137343563646530663337386630326437313536366635643461366336333264
34386333373936346665623531393130303465333335373466353238383464666636363361663031
39323838376161333239613539323830316534376166383165383637316538346633323164316432
34313561343131353364666334643836313835353034383539663831336466663162346239666461
37633739643631363836306366363738613862653235653561366637346661346432313030616131
36323666343862383935376239656135313766363633326337336633373031336136343863653366
62663636623533626533356237656161393439383961633236646436343832306631636137393030
62643434363737353065653932636530306337653164626566626432613162643639326333323931
34613635636337363666636266333632613939313131666537623836633630653661376334346537
34306630646239343930386139653939316533656538623034363430653832653265383765643561
35316534313831356439656261316234393736313165396133346461346439306434663066666338
64343135313735353038396332616439326137663538356633386464663965396665333163656662
39303931383131333561643632373739643861303730396234656634363464626666316330623535
30653239363538306264643137633830623866356138366639313631613235656666656562373065
66363863316436326463633935386534353939336139346331613438356430623439643561616339
37303230643363326361366635613732623430373536363530626164323666356563616264393564
37346165303163636661316231643461383238636261663532316639666166653035653063666664
39316365623265633837623163303838666134343864343235386261616239633033376563386230
33333163363865633434306162666561363537303734376238666463653531373362626337313137
61363139313430383762613436323961316530636631336535316632646133346166623135383039
64333230633033326333346464393734373230316166653566633435663766656161383134333036
34633834373238626433376563636138333331363238343936663039383230353235393638316565
66636639366163313962336633383536346632363263303538626537326165633230376637663762
35353466343634636465303035396134366234613664333965393564636130623939663663636166
37366630373062623230636263646438386639646436353038323264353038663332326531353630
65313563323164663630656464656463616137653134326232353632626466653734613531326334
61363530306530313332623631353936333865386439633066306164303933623063396539386637
62653633363034366133653532613737363339363136613036336565623964653765623130356135
66616635373337646364383437636239333230333939646437633461363163366264633830626132
31643236363662313663363263356537306666616663643132616565643561663864376130346435
32303635373933303537373736333931663664386438663835373066326531666561303166343662
38663930323165306639383635616538353235363035633932326464626539393037343630393535
63366131333033366539613033653338363865626434333830343938356136626136376134616562
31316361363862366433653561626563653535643539643738393934343137633338646131313664
30393562356431373139336333386338333337346438343330353831636565383930373166323438
64396164323564343237633932656234366634386639373037313732323331623663653034343365
64323537353335616162366338646466353639653237333962616431316364663930376466623230
39646665616234643334653235643236306563333537666236373834343161366265656565313363
36646363393865383439613037393131666161663238363734643434633532356664313938343866
35313035646434313934346630656465306435326163613765323865366464613031373865386663
38383464623932383237393333396630306564663533383163316534633865336666313239306462
32303132373935653038373265313830616233663932633635323366626231623866623133653264
62313537306330303562383631303231306438383766343763653062373664626263313135313031
64383932386562353030323365653261353264343436376461373439343163326665633465383966
34633539356165303030303130393366393636646262353861306538666437616361366337356163
61373566616161316338306635323461366238326437666233363934303235336364353739663863
38316465373934346233303432313761653237376365326266316665313132633064633062363034
35663539646436643365366163353333623332343064313438306364353035343233303638613933
33303438356632636636323231336231363330646663323863356633653266646337613437306661
36336630383739613863353337323838323435643961366362353335393935326137663962313630
66323632623233656265393731343335313430626635393832393932396235323465663132336537
65393764323034333862393866353330346561653437313064633731356261323337623032313235
30333032646236353565613637653162656330626661386432666335316335323930303031353834
62383835333262613261643638363637373334656532303134306363386139643435646466333863
36386663336236326163323032313736323565636432626130633131363063633333393534626462
32363634353035323064363534346337376465366465373939333033316264313361663166643365
35333431343139306131646432376631306631313665353434666666323938303065613237653835
66373063326235343962393162316231613637336262613664393539656636613933633334363437
33366161643737383163303462363261643263303162313437346231346161313237613932313265
37366363643561353130313030663632653137623039343939363664616335373333343036393433
30326630393937323065633465306436336131386435346230663463356339626134323530323431
32343130333233323330303230666565386235326638323062613063643866326637656634623635
62633934343932373034323332663764383831343364336566326365366335356461653166363365
38663938386532366564656539623131396265653733303435613236386431636662633133613066
63373636613438343061363930303833353464383036666634663936613737383462396263363935
63326335626163653935616565336534636339313235396561313237623433396665336630646161
34653961613639303262623430646563633937616331316235393661373132336139306333396639
63636131656339643664396433653839363039623531613866343465326262333734393936613162
30373639326234626530343562353234366334363731616232633366303934333565663939613661
36656138636134323435653430613230393764323638636166326430656161353165663536313461
34666262333861343336386438653439653635323936356337633239653766316565643633653431
36643263343931633364646437376235316539353435396634333730376465653733616233396563
36343536313136346136333230383034316232333630323865643763306531336265386331636264
63356131653066646664633761613266363636633264653637633436323165616164363735663834
30323938383138623864316464303364623338316534373063623138316532653231343738313333
32336335336233376533656563316335313539353732646231323961316231363539383437303334
65316261666635393961343330323961383634616432383138636634653866386262643632393061
64373332616239326639303661313334633630616466316462653639653938363564623831636335
30656435643263303365623462626230383434373464633534323362336565353838666335313438
37626134613066643862396233353637353333336361393533326533633735353335353535356466
34653064633964666338623861313534333065636230613037303737333231386334323966636665
61336332666532653764623765633363363234356362366362383464333130393165636431396434
30366162663231333563343637623165303364616361333865643532383136383533373136613938
37623862656435373934363339303864363539643433616536636564663730643735323233396462
63376635663737623261633566316637383832376431396134613933653661336461643037633832
66383935346533326330393836653336663830373761373336313937623333646530626563626562
38623461373437643164623139333765326235373637313363616264613831663935633331323831
30366136383539393139333562373230356334386435366439646539616437653061396166666365
63323964636162326663616132623966633565623061666633323763393133323231306534303466
66326331366636353430653034303635393735353532333233373764313162353738346531656432
66383339373363636232633535633330626134393335353031626331353730353361616539313334
63376365643265616630383864313462333237383635383639633061373362643364326638353038
66303365613938303331366364316433366637613039303563386462363131383236653434383930
35393938616337356364613066323034333162633237333731363435343765656466386237376366
34643962653936666665323262376634323133386665396236643637343238356230326161343461
32663033336335333162343061396661373035363433373833653835663262353963623235376132
63653861323933613064366566303462333864373437363264306561646461373163333637383363
61643666306165313662303236643831356232323761366161636431333534656137643736326630
31303034353332343533393339343337323336636563343134653233386261343232373933333265
32653262363066356162616637333966666466623834343339303334623237363264303761656664
66323438316461663430383436656535613532346663366264623666353334323263663861613832
33333637303966336233353531333037623961323464396564666435613361663363646431343663
37336435333135616431663665663630343336383432333332303532393034356233333831313834
37623364363433633161356439396264663830366465643834373365376362363131323239393634
32396236366533623537316139343130366165343334666639613539383230363962363466343862
31613432633763643563373162373739393666316230666636313664313563386462353331303134
63323662636235303363376437306565386433336262366566363262356235396237653865656163
61316634316533303236633439366262313934663833353633613634653530653763386635333266
63393033633865616561376231636335633430323236333530336537383765356537656666303839
38303732323734613833373735613431613166306332663264336366383162373331643233323932
37306233393831383762303932383731333965666536323266376431343930343238363131643836
35633630633134353830663738306362623161616437653233323038306136313834656261616438
66353364376538356239373362303135363435386665386664353365313436663364303631623264
63646535396339353635643366363036356665633763623964336636393539353066346335383636
32356133346330366636653533653362366435383633343238636464663130616331643333396633
30343864656332333336303238353061393039343866386638303635383836616562633766656232
39313333363334356638313437343431396436643932633236613862336139336139646434323365
32643865306231303963386237333138376562633432323461363762393931633535663234393361
34643839626533343734343935663964623036326331343333343533343133326636313139353737
31366532613163363762343765356166666336373735313331393465653438386166353539343632
62656139616133323561613438356262393638373435646231336164373932376562313239306631
62343132383735323537356334616236633437626562643135343564333038646431353763376131
62336661323030303765333065643439633765373534396536333031383865613932326431383836
61333265313933363662366539356565633334633931386531303436346330363564306463376162
66646534323035353166383734316462633039623436356330376465363030333663653830636365
36616264633461653734623562666663643931343662303238346433363262306635383139613265
38306563306336353665346335383530643666353537623032613565653733616237616139316632
62646435663039316132383839396534636136613362396236316333383632373736316365363132
32656139616662303430333932313033343331356138656530313239393163623233636134643132
37653463663662336530323838373666333236333865396137313430623761363766303463343339
66613965363034346637666239383931303739336634313831623933636134326237383062396365
32323933396532363964386432353033393431303263306166353232353064363936653739623066
65353865643634623934383237396661636335633161396236353530303362373965383037613366
64633262313965353735613166343535393138653661613437656236616266633232323266653833
39626534663761313765613138663836623963356338613261616133326564396265373961663234
65316136653030663263383763363662396336616439316131643237316662393066633533396164
33633832396639623732653961623536306330306563336137363963623035636565616535313234
33663533396331396138376135623131383430653431616565346636323065386663356234346339
34386263623835646538353964313463366437623131653662383036303435323264393933326262
34326531346464633664646631336639343238616466363364666136613038366337313135343537
32333163363934306662343036646539356134333362326265646561633530613433653436636464
35303037623236333038636365663537333234323866373734653431363130653734393939383738
38353365373065623235336464666236366664386166663831376366663930396439666130303163
38393561363739333837623639333639663639653835646630356462623161626238353565613431
6536386232303637646137383933383830386565313832383162
