$ANSIBLE_VAULT;1.1;AES256
31306334633834373166656564626439366461356133303066323138633465303466363861393666
6465316466346466343030616664653238393738643534320a353463316565316332353135613932
61633433316463373537373266326162663933386161656530396431646134646335373362643964
3838623766343834650a626233633865626332613466633361653437323563383161343336336434
37313135323334353133613530316361623464386535363934376431653664626630623331353037
33353233353439393837323866323332343734656638636638303836626432643035306664623033
33386461616435356231356263396332326362356636323938313165636533643462313737373939
34663530313039643462313831623966643465643334303732393261353064623863333433343764
64313365633862393531633535613536393733613761386534393733373465623365643166613638
39623831323531333039396534323863366435363731356466663766313333326463623564333639
36386631396239393536626339333564663362633134366138396364643738366437653162336563
62633237666536613565366436623836653261336535373232393735616636616261633265326634
65343437323765636137633830363037646232333163643963373461666165643939616534336165
35303138346535396263313739343230343664363266336235366339393737666235363237306635
33343031613038386536393839613964366463613831326537656161636635356261313861366439
33663132393461313836313461303662373061633130646136353131303239626339326134316136
61396637656463383733666365303366393065396164653265373338316261623138323135623137
39353264323331373933353438633731613435373064326138663265393339316530333164363365
62376132303637653864336164623565663464393266643231636265316561376536323336646434
37616238363334303633393331613933316161373739663730333236626133376237333232373665
36643964346331393438613932343337353836323838633463303538396666343536316638366133
64303631633464313333326239326263303764373838383163306236396666633234373163643361
35646265643066313563663132386434386634653663373032393731653031366465663461363130
61346538303936373366343330366461636564626436663866656538643934303965326132383765
39313937623662393938363964666364326432383038653265623932366261376235393231643761
34306230306338663836353765323065623361313437313531333334643237323965363837336361
37366335613465663266323762363535376631383065646334356331343664366134373634623963
35386430373730363339646431326664353766363239396136623765313831373934343135663232
63386332626439373832613035383234653131636262323561663061306164643838633636336235
38633966653034323330376232363233303362303562353065303033656235383238343639323863
66373736353737303965613263313963386337373863346662373437313539613334373139623137
62356130633534373039363433663436636638613132306434353132636636626536386565366634
64313566323133373532363461343032366565333364383931323934633535386165633164313130
33386265333866663536346366353837373963303161373733383230313763396430613935663032
61393739356233353830366633313331353831616161623630393138643436636537383366613039
32326334376132633235663262643033343232643266643238383134353564366233653034383230
61633837646630656464373734373332633063363164663835313834623636396161633636653737
37366661363365373061396566663930346137313934303131626232616465623866323665623861
64613261623666326630353339646464313761343263393230303135613337616436376530613862
63636134643232393636613334376466316562363936353136613732666139306664393933646166
38613665623730626534323931353934633838373636326438633363633937373264633638643961
35663864653837336434323365373430636338376530303664336439323634336138323831373532
32643366376632376630323036326263316538363835323863636532653839353635653963376361
39393561623832376366316334303330616237363666626462306139343635653634653864616634
36363962366230373163613835643664353131663433633830303831353832333436363734613364
64353464643336613564376130633230653062383834653535653935313465306530326636366464
64303232633530336663306132383735386632663634363731646332396666363161343833626365
62363238383834396664376537373533313263366165313939353137356166323235663934373139
65633166313834323164383165336439663965623339636566303130343730356639633037623230
33353931323662623061396263336436653833366533313662333932323564333533646362613830
66353033373463396436396337646563303333636236633130626131626537313661306434663236
66333131346530373031633033303230346438326431613766353332626139333530353237356337
62303230313933613434306334313130393865326137336135636635663564633338616133616233
61646364316539336136336437386362326335616333366338623432316637343433346130643134
39363731636330373365383561633537396565343964396435396261623537633739653430633362
62363261346662346465653465336637323563643634653863376632313939306265353066326639
34346565316630326662613530626237653734383038363363343265623266393337653761313736
65666662313938323333386233343831636537363634323636393532386262643566303134353936
63656466616661646561316130656563376534303762356635613063306335353531663732363630
34313362303166363239306664613762646431613763303965656638363535613936383230363434
30356538643838666466653830306633376431376532313430653966376439666666393035373432
33393930333066643762383862366539343335353165396231353531396531643236633663303832
39613639613630626264316535333637643937356532356465346661663533633533356461633933
37323363353537353535333130386161656633356133343465396236626430326330383263613661
63663535333534346339363963356162303464323631333335363163396666663166366133666434
64633936363733383131643464323737303936626535336138633864613163386664386439663839
36316463363233323333373366356331653637623132386461653538396163326438666635313563
65646433613537356231333030646134363532396466636637356432613064373163666638623036
39326237333566356562376661626530306665323936653835396336623339343932363739623832
31663464386339663033383436636233333763323037633238336436366530613236623039636663
33343361353865366534343136636437653638326361656433633836303264633539653164643537
61303465313830653466336132303934363932306539623731356361316530303738363531653738
31333534636564343763303633306337383131326131613730623436663533373832353830616137
31306435323134393138636263613035363361393564356537393037366137613532636336316533
66656633656439613935363439366631383962326134396437346161663433336131646538656130
30376336633966343063353263306462303730376631663632336366323166353536663734326134
61306366396338316439353730306638646632313533313964393231666537623164643933616434
62356366303565383862623834656537346266386361323733343266623838373732613035353862
35303734306463663036336136326562306635663665316333663930313638613930343532393932
62666138373035633765383031373666356337653461633363633337393933336338373337353464
32343036323438313733626535613733373038323064353731363434613064643463383436643831
61653365613963626436613430306431306631346335396261363766623038343737643736393038
30393762663362623230303762613339316136653437333661373230356466353466313265336439
64313035323065623634396331393532653765396666313762623938653162663235393364663031
61363032353566326566366430323237353639616465363832346232623531366664316261623464
34393731363332336438313135616637383439306130333564643237366566653462626564343731
33626666346261643936353634353631386532383030633835626562336637326361643935363763
33366436326466353066663335643666393362663330613562666538396334333563666438633733
61353065343066336633653230663666643030386365626263336231346163393331343662633635
31393666333965343233386633663433616566353230333733366364303239333737343437303764
63663538653638393230356461303235393538656234313733643663376134373736613336616333
31353239383764303637656331323462626462636366663066353762653765333065663431653630
35353130313731393031396431626664383933396566646632376238646133666265616234363835
65366535643265646231653762323863613632356230386631633532613362323666643331313164
35653663306530626666623035366361646661626365323133343839653533396239633934613334
33393964386331656361626133353434313638326631353438336237363532363863343063306337
33316537623666303233333066636232353663646362393937623439386534313032376363396464
62633263636361383664336232656336313137306437396162666438313336383338373433316464
32343032393431396634633463303632613239616661353065653864343536373730323161346136
65643463376266343837376530336433383335663130646133323938366164336637653263633066
37323530363961363238643334653466313334303465366365333066336639306436626435663664
62613638306130303432303362623636353064633462323138323336623937383338633764316233
33346266343966376461353537616663303633623361363164613161393238356634616336646234
39373133646135663930616530343133396431356163303530303131616538303435336234366134
39633663626636653564623737663366376465643932383332613061353136616532626331383739
30393838386335616362653338376531633161373562303432373938396363616231626663346537
38343737643138333434653532343533346434323035626534356362396561323135393733323535
33623064386135366461363062313330313838613931383562646434313431623230333034313535
65366432613433616431376139663361663030366363356637303333356464643837363062653363
35363834393936346362336262333435363736633164373936623336353565346330363036333064
61343739666364313832366531383837303439633237636336303635646130623534383433646535
36656637613831383234306361323531303063393764353763356335383430383136306132363836
31643636636663313935366435636161636634356361343631643965636339376532373864623033
61633863373566386238313562376237326231613733313565383236623237333537386131313064
31366232346564613065363039316635656430313865653865646235643235633734373435373233
38333933306637613136616662653932643339353037393465656239666136313064663565623637
37373131636333386262643130666531363766636362373163366361613465383039326530623964
64306538613330383331666537626562323562316335373436316437313438663366333036383138
65613464376562663835393966306439663132633931373133353265373736663535633861353832
37373835386264313337303532393263363233336532333031643437323636306537356434313066
61633737396633653364316664363933636265323334393735323662643838343136306333396362
32646336656234336639353539386634666335363866316536343462643936306238376564666531
66626234346435373462393235306635633864636663646532373637643962343130353664303637
39336432393165626261326337393035363566626634636131393663386538623264636230313239
63323239343362633561313663663430363364373338326533396165393630653235373334323466
36356161386337663334613330636432313766616331376536336462633735623562313635316263
35323634623663643433336439373133383732663864346131363739386133643437666565326433
31336233303733653332643666313032353361343163363439306434653636646338643032663063
36363131643562313465666464386237323638313339333337646231346239333332643032326161
64306137623966663235313734336533656566663837653037366530663437303937316237643833
63333434303235663734653031623366393465643933343030663832396464363936613039323732
63323130623463326436343033663532303732353032316666363434373537613434653637653964
39323566626630613966313739646138346435353866306635663861616135383730633332613263
38653164663832373565323535623435616137356263353030343430616536613332643932333537
37616462353631363266393833333032313762636164393039373764323734363763306538663964
38633239306465383561313439323235373161363539366533373636633239303135396266666136
36353638376637613563323236373865303732303530343739666562363739316630333639316561
64326365396164356634636235656133613631353566383331633432383965643762663763646534
66393061356661326330613461383232333433303335383934613038376639313836336137313937
39653335663663346365343162663866663734613833333564363232383931333563303738316136
30353662386431613861323539646438313161613738663964326632626538643939373238343037
35353137666130306136313865336334626431366166333036373833663664363036376462623065
65306236656536613838346564316166383766653730633934633739373136383038663761666634
33333964323534313762663737333539343239313930313337323133333630393631303936636636
66636461313034663262313339313064303666633131376537323537306466323462326237396436
61626539303737616262373239353565316435343135663963353064303030623430396132323636
35303233366331663738616639333737663836303762646230623761356339383636386635373735
30646166623266336438616465323737646163373938326433396638643761346139363932626535
30313036346634626632306634626333373364363366396364616134333139336331386361666265
38653237323264386466653031363061303938643430393864383564306265383061316530306362
62323635633631343439313264633531623030643532363264316633383265636539376137666137
35633862313835646433623263363632373461313634376232313931303438623737393438326137
63353261343036306533616531343835396665386238623761636365336166373965666165636564
65323065366330386238636538616637323730396131303133636333343135633562653933353361
61366463616438376133333734613937623735303834636633373637373432353538653333303137
36366236623466616431393333313436623265353535376264663835393134353435306439326332
35336365626464343830376635646338346534343664393061356263346463626136316266656432
33343638656333396664366135653636623663616665303430303563323331366130396363313130
63623965326132316437366232363234363238383439376233373137363462376133643335396339
33316664666438636231323439353139313131363664383233343635393664326432356164366638
63383739663063393437393364333566646165663665626632653537633563386536643663333562
63366636373237353662653830333331646135316436643838353737613332636363333035626163
34373633656439356564356337633238663734383939303438316363663764613732386532643838
38656363653033396134343935656439666365336639366166363065356161646333613339636439
35363136336666386234353961333664386262633138373138393339316636363530303431366165
61623939663633636236353635333164343930353264303737613838333937363439346434343134
30333365356132643361313438323763393562306632306537313064613336396566393435636262
63623663336462356162363036323333316366343137383433646661373534316235356661633837
33616533363736376434353138383734303733633861346361346139313861333433303937343537
32643338333435666235366461373938353365336631343365613038666135666237623336643839
64353537613561326136346231356464663636616231626636653162643062653864646631323337
30623931323236383930323936323036353838383365653233313562316639313865313439643139
36613466656234336532323136393230353133363434636233376163616630323365346136343561
65613831376263646632346334626433373666393765626535663761333330663432326338323734
39383664653433306230623635363562326666373335646163646266626131633161616463373163
32633634613330396263386633666165623666313036346638333239376164653762623937613336
62663639666234353162643238653333336364383733303364336566643664316237356636373830
36616363326166303830303235313963646538373464356131643333613036613935353465663938
35643534333839353635343265383334353266393263656435613332633033643662326437316430
37383437313535396639366239303838363161393430656366653030663339373932653032626138
62353963653030376635366463656139613663353539656236313338646336306265633032373364
35373563323734626361316233623237336562323738626230343232626337653033343035313031
36376632303932323864353636306636353261656633303262346632356239653436643561333833
38303164343261373532313538383530343866366363633831306234366362383535616561346135
33633561623464326139393333613833313163333938613839633738393232393537666630306663
33636564333739386132653265336466303661346236663862303638313934646431363134353666
66643565613933376638613736373562346632363535363933656137333638336534626464356261
61313066626434666237303530373237383762346230336564303932393663613930383231386635
64333532353231366564303638353434656235623332646638363965363066633230626639323630
66633938343839336239633935386463306230333833326635326166616539646366626566656332
35663263316334656464613938646233623261636264343933356434333462356561356235623232
38353133356163373339373764626639336234336534373339633231623265663437653034643838
63333664313032323430663266376431343633383136346362663961313638323635393261636162
36343865616336616536383130636361313239386132653339313062336531333462303839386566
30323936336437336463316632373533623338643833653937633137363136313232336636626565
36633330626161666661346638346332343736633937393734336161316361313839643431313062
33613535353437336133383431346566343364383038326139323930313633626461613331666365
30663332363963643138643637326465313432333662626339643963613235336437383732313066
61663863666331373030313032356462646565626364623961353036636634353062333135353231
62616164363130393861363930383737366630386564343934393435653938376263633338316137
35313733646363613930373166303530383561323133653163326135353130363736646331346661
33316366643039393130343264326538323937323865336232646135666164323437613432643438
34303661383036646431396366656139626432626132303635656162333066633439343763373834
39346536643537636134346430623936363436373864376562343034656336613536613061323434
38363736636663316137316233623930316339613964663434353833666561313364633365643831
36396661323830393465646134613731343730393530356636373531386564646539353465643735
39653131663731303232656437383264313735613961363965393565666339616130316239363034
66663535383937616430613661316361663537653161343966616635343932343663306662393232
31616562323539343365643261326136643338393739333261393439343733663863306534393030
64353466333538376361353263363434623065363836656431343961306530303739383734386262
61353332363361316231633739383534636334363761343166636362636338366561633533633362
66666330333566663438383465303065616366623835383132386264613862633430386530333637
32383331316566363366343238643536323063373765373165646633383938626362356139626632
39363637326261636439343762326364373963613639633332626538316334666264313735623665
34653637653930323562306364666265393431366263356332643862643232316431343166343839
65306130333463323837623730396532303133373833656433396336363736616163666265386165
34336337666264363866383763613166303163393064656133383562363063353864343961343232
39316438656265323162393632336431336430343133393562396639623135663163396536316532
65623931643934393330333763373838633136623764623431663534653630636631363439386237
31303261366637363262346130393538343730383431656265656264656632346631626565306165
38366661656166653431313935393335323431626438663933613961333832623966623962663830
65363333313339356163393837393633343931613565666334373164353430643536336133386230
61353130393936656364613035353563666431393861623636303738346365666437623564383266
61383530313230613063323533346430633765333532613062633031393736333330656638323931
31356133643039616539383632646137303963353830326239663338396166666436333838363364
30373031333037333031653130626363386531363237383561393239303166646661343565656635
33346337373633346166373338326533393061646165336639386239383031353563313239653630
35356164633133613630653239393865346135363264393966653866636336323261353234366665
66656236383435356130313964383030653966613364616131336262376234386562633063653966
39346234343763316537303433313634363537303930653866313737336661633631613830363331
37306666303162623034626531653564316433643763393737323136656136666461363962353635
30356438633263303935313963363438613435626631306165376637646339316330653531363862
64386561386237616566336639333066376139336663663738363463333332346231616262663035
33653265396430343730353866343039356631656636333831313837313736393062353962303365
37396663336530316631383630393930363262646330386165643564313631363937656432393861
66636135663730356636626261353234353661366232633336376461616432363161336535343366
65303937643439366561333262356232376431666266383864313765626666343439336261333639
62343962386334616232326664363564373938366434613838363932333963386133383331663361
64396563363762373339396438303231653737383835326330623163346239313030633137306161
32616633303961373633336232306262636539323763316461633935383863626331333264386361
32613132636262353533633764663436663631646231323763623936623134326536633839356239
64363866386261313534643731623965396464383338353730376137666438326464663531333932
31363933623133633331333235653734366464376364356631393935393561656630346563623364
33643261623362343865646162626230333836663231393038336163366136643764356561383234
31666133663961356236386138396135373538356561363961643039633533643533623331313965
66333763356362356439653462323063313233353636363462633134393461373131306164353865
30383736393431323462343563333261316131633965356333396162643336343939366337646439
30316134373265306135303766656338323336653730663164636338373935346134623161616665
32646234656264316133343966336261366432363766316265393832653633663232626564643539
31613636393331353563356465376638623636633731613539383961326234303439346139643630
35653866613734333335383962343032333133663963313834383636656535663934353635663132
39626363636365393234626562656466336232323439623332363936653861346538353262373436
32613463613966346264316639376265383330353838643638663836373430306436623838663164
39396436306537306462346436343064353634306435616530656339316337656438636538376563
31376434333165323665323736366638393233363563316339393536363735376533373036363162
62613964616132636463393861373437336334333933383564393165613432653864373235333330
34313366326534326633393032346462613833366161356436306434343132316430633361646530
65376332346331333931363430633038353539613931613131323636346639353939303239316530
63363633366161623739636432623939613662333331653463643734656339656437613862386630
62343461643038373934383163343565663664356434663233343735373336326237333038386532
32306330623833386132376365343564393438306165386332346235303331386636643364363666
65646437383338313365396637343834386431653565623361643563663735303064363361306537
37323763346563643839323061306332326161613134383237386165393139633237626431636163
36356336333766623966383037353333313135323131663264366331343663376566626364633464
33663066356436613462356261666531623466616163333736626439616566363234643131326236
36663231653765656337316430343031656537316232343830656432393865343866353037663831
31623761616432303061613366383632323538363236313661636364613034366264376430313231
31636434356161633965666230356265616634636265333736326231623130653665653430383331
61303334356430633837306237393330376331353466303164656635373862633433653163333962
35646634623533313037393934356365653939656639656161316661373335303436356432346230
66333561666139626239323266373465346666383837353639343235653364376234666361356634
35313261633137643962353334346133383735346634373939383232386131653861346265353934
30353036643030363538663134323565353635376661313936636263646261346561393962636530
66646235353961356232616436613331326637373635303138623933316662316236316433363933
64623933373564646261396533663334393832316231303532356135653834623138643163336562
32333661653165396139613738353731343365626433376362386133646233646461633538363438
30663637623833356137653938326333393536393163666433373465376232613038383235303334
33366437653562333438316661393564306539303162666235386537393763393938363366366361
33626632333536666533653130626264333965663262353438383733326238666531663963346238
35353165303466353333373034613334613562373336633964623065346532623464643563316132
34326664363163383238376337363033323663616665616562346337616233616535386337616139
36323661343364376264653331363332346439613732393831353565343262626335343666653262
65656430663235333763333364666264303738303364323135666561313138633735633433326561
32346234366632346331343139383830323965303833666336646236336130366361386161383533
61353834393533646462393830623234323638666630326432383437383036376462626364363966
32643562376139663965303731346338336339393066356433363035633865633761633633323461
35396437323035343564376439393830386164666339633037383062333765616666663635343932
37343064373561613139383339623464383865363930643931353636356165373236343031636236
34666262376330326164646434373631666565326361393932306438646361356632326337623931
66333231333739656437333461323036643562343535643562383332373738666636356337323765
30616563333038363866346636346562663461613939663564316534306434323134613833376363
66353663303634366638663766343831613235376630343665646338643262653763316134313434
32646434356638666537356365303033633131326539393265313366366363376265363134393639
64653134376539666136366531356663323936306166363337313930366237636461383564633965
35663839656365623235346436643530343433633539643339623464613030616563343039656165
66393739663633656662653462386132333362633862326566343765393839633433353733306138
36613330653137313830626337343562323261646432393532616261326337636366616365363261
38326534616133653135663032636235306436363063386462373065343937653837386435633166
34323833613763613337613039393633343632313332633862653463663038633438613039356265
39656535616631306263313864376463646365643435653633333861386461323861633862326661
34613337663461323363323132653565353932613833646362613365343464386463333233393134
38316362653033343461316130633963316439363361323237633035396338303939383130653030
62653466623435616161613966643664613532373337363036653830626538643030383634383737
64386230313733616132663331393462656261646265623666323031663131313734333133333738
35666432386663633736346636343739376534666339353961653662373964633165393866333336
37636634623565656161643232663637326266333033343130386565383366386665663333383434
65383638343332313232366264643764336464353434623563643665343734363734643036333936
66343864653666373231353930343036323532373738343435316663633831656236326538663237
39393132313936373264356232366334636438643366356332376239633063393064656636663966
32343739333033313965643161613031363637613831643939646561363436343630306663363734
38333739356339353337396664383539303532313837376635666363623462373061626134623935
37363637363363643764326332643462353864616639613231656431383137343062666139383633
31363162643233393734626362356338356637643035343665323765373335383335633439393233
36346561646538313539316534383431646562666536306265643864393435326166376135313037
38313961646637303733323335383939363531613733333130326434393532396261383866376534
62623764306235653235373830376564356538656432383937373336323136353233313336393337
30626431383831346539313635663932323733333837616635656636623632333838363664333130
61656164313731373263346434313739613737373439643261383236313332623938383334333964
61313433643864376531383733303836393163323332363162356134666461383836333866623164
39386437303261323330626134623163306139666139376230303938623934346165623134373530
39333132663339326130303535666262333866343735303231626330336535393337633136326635
30383761313165623063356435366537346266613166633062623363313635316631356433623934
39396261313866373038383564333739623866363066336332336563333165366362616564343964
34343130383863353537363134393231313762623561393661633766643138633634306563636230
32383565326365346134383830366265356434633736383732346531363761336635363262643766
33346163373539646137383939396262313461333863306465623761616261643834363132373961
62373039303237323938393836366364363139633332636139343064323635396365303134343263
39383661353161343531646462643231363233323162623166383433393730316265323330333333
31333562336262303035373839306161336139383563633131613763356134343331633662643439
61643531306333323431633235376637353964666135396638303636343335323036303963343835
34356437323235663538653866356632646435633335346565313264376239393430386331363834
37363638663163303638383762396261333637613734643034376462333531343064313638623665
38333563366434613237396233333833323538636164373231306637663038306633343731653065
31646433623531643365393931356632373665363063666230366362396264306365383534653461
34643561646430393230613033656238626537303833346531383431643164396532643638643765
62623831666566643662346538306663323031613264633765633866663636303230613064323235
36623533326237613731623637323336386536323262643630613739646234626133613230383864
66343666633835396439333838663561666530353533333532643534376564343562663035353065
37343764373437656262373062313738343339633534353734653935333763373535623561643632
35653663373464396234643337646536326238643663326563303139336631396264306631343535
31646332386334346465653365656463313834613838353565353739643032383466306664393761
32653764303238366636626365353965353336343532353438336334336264373866323838336162
30363433616361623262646337643033306538373039383533396437616339636632393963623562
39333130343863383264633866343962616163366666626163313261316666643962636534663537
32626530613936326434616336366631396235626439386132396437393639616632313036363530
34373664666439623734626430633366666238643635383263353661663964666566323033366565
38656238383362303761653830343163363366393961623931326566306437613266316330306261
31326237623531393962383036366464313662663732663137623134626536636530333438353564
62353232306265663031343861633136396532336165373837633861633266336263356232663536
61663563373566313631326232653031613963306139333538663566626436306636386338333837
32346437303139646230636138383831613265613263343131623232633565613334343932363135
62643531306162646331336230323736316535326638623639663263613338636461343335383263
37343233353639363161653036633862346532363861363332323563373432396136313335643866
66306462643736323639303862663664386331643033623837313131383935653730333330356263
65663362623633633137646332613132613863613933656634623234336339373664646266363239
39633138356365343234656166353636303431653239333362616235616264363732363762663138
61663366653961343435333836313732366464376162353934363036616161333235616233643566
36313063643464306638643763626661313934626435383935663834316432353138623138643536
38626435343265353434333637393462356462346632346632636665366664646265643466313531
30393530613963376431613639396462323330366262306663333164626530636534316238653665
36313666366138656533656237393538356362316666393434613038343864313638306330613166
62633137323965376662636139646366626631386339376230343465633664326361653639623432
30613166353637343033646432653066346361386438333065343336373837396165613833323863
35343564306137643334313263623336656134366563636561663834353631366237393662626536
37363730616363316161663631396130353464333839303832636261386433386237333332366134
64313761326532626235303662303563656166646236376363393363386266313030626436343438
38376536333830396433303932386539656335616463383934323230303631393261306131373064
65643834343931353239343539303563373935313034663138343330363538613230376430366565
39363136303539626234346535316339366365343466373737383535306662336232366164643564
64376466356438333336666436303037396162303437323661616438653939663330613537363639
62316239383438663963366439613366343933616636666464383461613165356134653433396234
39626264356664303730653036386462653939373736353930343766386332616163333937616436
33363136393766623662363261316634663930386237313532656366366133656132343336663135
3431373038356563653334336631363734393132316163613861
